-0.208333    0.208333    -0.208333
1.8602e-8    0.15625    -0.3125
1.8602e-8    -0.15625    -0.3125
-0.208333    -0.208333    -0.208333
-0.3125    0    -0.15625
0.208333    0.208333    -0.208333
0.208333    -0.208333    -0.208333
0.3125    0    -0.15625
0.208333    0.208333    0.208333
0.15625    0.3125    4.3027e-9
-0.15625    0.3125    4.3027e-9
-0.208333    0.208333    0.208333
1.8602e-8    0.15625    0.3125
0.208333    -0.208333    0.208333
0.15625    -0.3125    4.3027e-9
-0.15625    -0.3125    4.3027e-9
-0.208333    -0.208333    0.208333
1.8602e-8    -0.15625    0.3125
0.3125    0    0.15625
-0.3125    0    0.15625
