-0.1875      0.25      0.15625
-0.1875      0.25      -0.15625
1.2372e-7      0.25      -0.25
0.1875      0.25      -0.15625
0.1875      0.25      0.15625
1.2372e-7      0.25      0.25
-0.15625      -0.25      -0.1875
0.15625      -0.25      -0.1875
0.25      -0.25      0
0.15625      -0.25      0.1875
-0.15625      -0.25      0.1875
-0.25      -0.25      0
0.291667      0.041667      -0.208333
0.291667      0.041667      0.208333
0.34375      -0.0625      0
0.208333      -0.041667      -0.291667
1.2372e-7      0.0625      -0.34375
-0.208333      -0.041667      -0.291667
-0.291667      0.041667      0.208333
-0.34375      -0.0625      0
-0.291667      0.041667      -0.208333
-0.208333      -0.041667      0.291667
1.2372e-7      0.0625      0.34375
0.208333      -0.041667      0.291667
